# -*- coding: utf-8 -*-
"""
Created on Fri Jan 19 10:57:14 2018

@author: Lenovo
"""

from numpy import *

#随机数组生成
a=random.rand(4,4)
print(a)
"""
[[ 0.60016539  0.58145419  0.40518473  0.03112618]
 [ 0.58789733  0.74319972  0.61843671  0.53272486]
 [ 0.26052182  0.9296325   0.80215469  0.18462779]
 [ 0.82132796  0.86400267  0.08872801  0.77326497]]
"""

#生成矩阵
b=mat(a)
print(b)
"""
[[ 0.60016539  0.58145419  0.40518473  0.03112618]
 [ 0.58789733  0.74319972  0.61843671  0.53272486]
 [ 0.26052182  0.9296325   0.80215469  0.18462779]
 [ 0.82132796  0.86400267  0.08872801  0.77326497]]
"""

#矩阵的转置
c=b.I
print(c)
"""
[[ 1.91338497  0.90778476 -1.63176327 -0.3128126 ]
 [-0.1242394  -2.77470405  2.04395245  1.42855367]
 [-0.04275423  2.49507261 -0.47806818 -1.6030621 ]
 [-1.88858923  1.84979267 -0.49575444  0.213231  ]]
"""

